0.274695 1.6183 0.75
0 0.273005 0.999998
1 -0.568604 0.674421
2 -0.260671 0.837125
3 -1.01574 0.469396
4 -1.62079 0.290787
5 -1.09052 0.44146
6 -0.717963 0.599197
7 0.187919 0.994914
8 0.291241 0.999814
9 -0.0540134 0.931665
10 1.26269 0.601456
11 0.101124 0.979959
12 -0.108314 0.909437
13 0.590647 0.936536
14 -1.49265 0.320479
15 -0.120309 0.904227
16 -0.29491 0.819506
17 -0.491173 0.71522
18 -1.81668 0.251945
19 -1.06951 0.44912
20 -0.777886 0.570745
21 -0.334749 0.798637
22 0.249711 0.999576
23 -0.516685 0.701685
24 2.5667 0.219006
25 -1.19524 0.40539
26 0.648608 0.913319
27 -0.284407 0.824946
28 -0.489199 0.71627
29 0.421854 0.985513
30 -0.182714 0.875636
31 -0.829705 0.547054
32 0.320056 0.998605
33 -0.821995 0.550524
34 0.822529 0.83075
35 1.01887 0.726781
36 0.490252 0.969423
37 0.338106 0.997278
38 -0.19932 0.867659
39 0.643533 0.915458
40 -0.835935 0.544265
41 0.418527 0.986151
42 0.358536 0.995251
43 1.73 0.410223
44 -1.45007 0.331191
45 -0.528422 0.695486
46 0.534288 0.956256
47 0.00523765 0.953027
48 1.44278 0.519152
49 2.29945 0.264344
50 -2.52665 0.158049
51 0.471709 0.974328
52 -0.962755 0.49032
53 -0.783612 0.568085
54 -0.317585 0.807669
55 1.34334 0.56331
56 0.215774 0.997649
57 1.13237 0.666952
58 -0.116024 0.906099
59 -0.962014 0.49062
60 -1.5218 0.313395
61 -1.12167 0.430364
62 -0.723896 0.596331
63 1.04563 0.712527
64 -0.705871 0.605069
65 0.916543 0.781459
66 1.04028 0.715371
67 0.668947 0.904557
68 1.22176 0.621558
69 1.40236 0.536704
70 -1.02281 0.466672
71 0.550727 0.950821
72 -0.0991614 0.913342
73 -1.58078 0.299664
74 1.13372 0.666256
75 0.0157314 0.956458
76 1.03258 0.719467
77 1.77185 0.396575
78 -0.458633 0.732571
79 1.78455 0.39254
80 -0.887258 0.52178
81 -1.63017 0.288755
82 0.738466 0.872596
83 -0.484661 0.718685
84 -0.303607 0.81498
85 -2.56218 0.154724
86 -0.780709 0.569432
87 0.573505 0.942853
88 -0.199252 0.867692
89 -0.643503 0.636005
90 0.365038 0.99449
91 0.152351 0.989941
92 1.62401 0.447243
93 -0.860038 0.533596
94 -0.627866 0.64392
95 -0.590501 0.663064
96 -1.26615 0.382894
97 0.202602 0.996484
98 -0.862814 0.53238
99 1.67369 0.429442
100 1.13398 0.666119
101 0.578873 0.940904
102 -0.545553 0.686472
103 0.0455966 0.965596
104 1.09084 0.688627
105 -0.607747 0.654189
106 -1.77639 0.259348
107 -0.600616 0.657851
108 -2.03447 0.216465
109 -0.705531 0.605235
110 0.464975 0.976011
111 -0.676627 0.619444
112 -0.498699 0.71122
113 0.263848 0.99992
114 -1.96065 0.227689
115 1.69739 0.42123
116 -1.26866 0.382125
117 0.0113778 0.955048
118 0.585143 0.938593
119 -0.626085 0.644825
120 -0.750316 0.583699
121 0.643583 0.915437
122 1.10797 0.679653
123 -0.281523 0.826435
124 -0.237037 0.849065
125 -1.63206 0.288347
126 1.55697 0.472557
127 -0.761747 0.578299
128 0.417623 0.986322
129 -0.347126 0.792093
130 0.880526 0.800543
131 0.260485 0.999863
132 0.810738 0.83678
133 -1.10052 0.437861
134 -0.692496 0.611614
135 -1.73953 0.266376
136 -0.716733 0.599792
137 0.611324 0.92857
138 0.0544097 0.96811
139 0.458365 0.977613
140 -0.644041 0.635734
141 1.50469 0.493343
142 0.508599 0.96419
143 1.81652 0.382595
144 0.126825 0.985374
145 0.44852 0.979901
146 1.1631 0.651138
147 -0.980451 0.483226
148 1.7832 0.392967
149 -0.695503 0.610138
150 -0.207987 0.863442
151 -1.39915 0.344599
152 -1.63737 0.287207
153 1.77825 0.394536
154 -1.43876 0.334113
155 1.35212 0.559279
156 0.938338 0.769839
157 1.22324 0.620822
158 0.433635 0.983141
159 -1.45897 0.328915
160 -0.156079 0.888124
161 0.465343 0.975921
162 1.11505 0.675956
163 0.15798 0.990837
164 -1.41392 0.340642
165 -0.130595 0.899681
166 1.73653 0.408058
167 2.08343 0.31048
168 -1.91958 0.234276
169 -0.927269 0.504867
170 -0.252801 0.841123
171 0.230641 0.998684
172 -0.275457 0.829559
173 -1.04787 0.457162
174 -0.0915222 0.916555
175 0.175688 0.99339
176 -0.253693 0.840671
177 -0.165955 0.88354
178 1.43836 0.521044
179 -0.0251297 0.942486
180 -0.329056 0.801638
181 0.38394 0.991964
182 -0.356699 0.787016
183 -0.408558 0.759357
184 0.773185 0.855663
185 0.150988 0.989718
186 1.14987 0.657924
187 -1.11334 0.433299
188 -0.347975 0.791643
189 0.808947 0.837693
190 0.632036 0.920233
191 0.693783 0.893474
192 0.489235 0.969702
193 -1.87722 0.241343
194 -0.805167 0.558164
195 -0.20056 0.867057
196 0.108891 0.98168
197 -0.694433 0.610663
198 0.152564 0.989976
199 0.326765 0.998163
200 1.25359 0.605886
201 -1.39383 0.346037
202 0.484951 0.970865
203 0.603853 0.931491
204 0.188612 0.994995
205 1.16287 0.651253
206 -0.00229766 0.950495
207 0.162414 0.991515
208 0.551365 0.950605
209 0.436307 0.982579
210 0.107852 0.981454
211 0.0998116 0.979661
212 0.134239 0.986785
213 0.270238 0.999987
214 0.799694 0.842388
215 -1.23344 0.393084
216 1.34654 0.561835
217 1.00163 0.73599
218 1.07049 0.69935
219 0.384423 0.991893
220 1.31633 0.575862
221 0.383956 0.991961
222 0.94193 0.767921
223 1.51543 0.488997
224 1.38746 0.543313
225 -0.146394 0.892564
226 -1.7172 0.270755
227 -1.1386 0.424466
228 -0.674853 0.620323
229 -0.65554 0.629953
230 -0.982148 0.482551
231 0.595358 0.934754
232 -3.14282 0.112003
233 -1.30881 0.370072
234 -2.6741 0.14487
235 0.276295 0.999998
236 -0.884059 0.523156
237 1.20636 0.629236
238 -0.621728 0.647043
239 1.47152 0.507009
240 0.742369 0.870721
241 -0.775181 0.572005
242 -0.501701 0.709626
243 -0.390268 0.769134
244 -0.215191 0.85991
245 -0.455258 0.734374
246 -0.477275 0.72262
247 0.15402 0.990211
248 0.145906 0.988866
249 0.304531 0.999396
250 0.206947 0.996894
251 -0.42871 0.748575
252 0.764902 0.859753
253 -0.25803 0.838469
254 1.03313 0.719176
255 -0.334531 0.798752
256 -0.278968 0.827752
257 0.92778 0.775473
258 -0.288202 0.822984
259 1.02839 0.721702
260 -0.507325 0.706642
261 0.277357 0.999995
262 -0.750012 0.583843
263 -0.761211 0.578551
264 0.344242 0.996727
265 0.87159 0.805246
266 0.0307786 0.96118
267 -0.00239383 0.950462
268 -1.00139 0.474967
269 -0.00672871 0.94898
270 -1.00165 0.474867
271 1.75632 0.401578
272 1.64024 0.441339
273 0.793436 0.845546
274 0.871868 0.8051
275 0.246825 0.999473
276 1.8689 0.36694
277 0.121967 0.984412
278 1.93016 0.349603
279 -0.726367 0.595141
280 0.646253 0.914314
281 -0.0243889 0.942754
282 0.671139 0.903595
283 -0.260729 0.837095
284 -0.291403 0.821326
285 -0.985432 0.481248
286 -0.738797 0.58918
287 0.219035 0.997901
288 1.858 0.370132
289 1.10876 0.679238
290 -0.519369 0.700266
291 -0.170652 0.88134
292 0.814673 0.834773
293 -0.284303 0.825001
294 1.02889 0.721438
295 -0.154854 0.888689
296 0.568215 0.944747
297 0.764379 0.86001
298 -0.274023 0.830295
299 -0.927976 0.504573
300 -0.788666 0.565745
301 0.465623 0.975852
302 -0.660971 0.627235
303 0.673808 0.90242
304 -1.18685 0.408154
305 1.18385 0.640574
306 -0.68641 0.614608
307 0.262229 0.999895
308 0.0672899 0.971627
309 -0.233217 0.850976
310 0.468866 0.975045
311 -2.45311 0.165258
312 -1.27364 0.380606
313 0.509497 0.963925
314 0.2286 0.99856
315 0.490405 0.969381
316 1.30825 0.579658
317 -1.76026 0.262394
318 0.189913 0.995144
319 -0.62455 0.645606
320 -0.392809 0.767777
321 -0.765693 0.576444
322 0.472825 0.974044
323 0.560672 0.947403
324 -1.71308 0.271575
325 2.1241 0.30104
326 0.903973 0.78814
327 0.0319041 0.961524
328 -2.87769 0.1291
329 0.763094 0.860642
330 -1.54354 0.308241
331 0.744408 0.869739
332 -1.46056 0.328511
333 -0.776008 0.57162
334 3.01749 0.163752
335 1.62338 0.447477
336 0.340019 0.997112
337 -1.39994 0.344387
338 -1.09927 0.438309
339 0.995001 0.739533
340 -0.313977 0.80956
341 0.274181 1
342 -0.760951 0.578674
343 0.342127 0.996923
344 1.12008 0.673334
345 -1.5174 0.31445
346 -0.179457 0.877184
347 0.349251 0.996241
348 0.865937 0.808213
349 -0.0013541 0.950815
350 -0.993781 0.477952
351 -1.16205 0.416445
352 0.48465 0.970946
353 -0.2732 0.830718
354 -0.406433 0.760494
355 0.898054 0.791278
356 0.750507 0.866788
357 1.1422 0.661874
358 1.39635 0.539362
359 0.069226 0.97214
360 0.190178 0.995174
361 0.22507 0.998331
362 1.30477 0.581301
363 0.00205661 0.951965
364 0.705281 0.888211
365 -0.0399541 0.937025
366 1.29927 0.583907
367 -0.232528 0.85132
368 1.04134 0.714805
369 -0.910949 0.5117
370 -1.53739 0.309689
371 -1.50297 0.317948
372 0.834653 0.824505
373 0.423137 0.985262
374 -0.669036 0.623213
375 6.22728 0.0399151
376 6.90633 0.0324106
377 4.05837 0.0932984
378 5.59733 0.0494277
379 4.48443 0.0767451
380 5.39739 0.0531522
381 5.13652 0.0586655
382 4.71022 0.069661
383 7.0182 0.0313777
384 7.65127 0.0263589
385 3.70514 0.111254
386 5.0982 0.0595456
387 4.54093 0.0748769
388 6.84039 0.0330433
389 3.95266 0.0982043
390 4.76218 0.0681665
391 5.26037 0.0559482
392 4.85855 0.0655162
393 5.75077 0.0468244
394 5.82824 0.0455862
395 3.80765 0.105563
396 7.44184 0.0278783
397 5.60136 0.0493566
398 5.02516 0.0612777
399 4.37567 0.0805375
400 6.74673 0.0339739
401 6.26838 0.039391
402 5.10066 0.0594886
403 5.52679 0.0506965
404 5.07906 0.0599924
405 4.12411 0.0904249
406 4.93492 0.0635217
407 4.59623 0.0731122
408 5.03052 0.0611482
409 6.58429 0.0356825
410 3.38344 0.132268
411 3.25688 0.142103
412 4.49441 0.0764102
413 4.15216 0.0892375
414 5.16825 0.0579512
415 5.92036 0.044176
416 4.77094 0.0679191
417 4.98764 0.0621964
418 3.92244 0.0996752
419 3.50181 0.123923
420 7.37223 0.0284122
421 3.95186 0.0982428
422 5.3517 0.0540611
423 3.61031 0.116919
424 5.1445 0.0584848
425 5.21853 0.056845
426 3.99189 0.0963413
427 4.594 0.0731821
428 5.18256 0.0576332
429 4.50844 0.0759431
430 6.72259 0.03422
431 3.95297 0.0981897
432 4.66618 0.0709656
433 6.50607 0.036551
434 4.95231 0.0630799
435 3.44314 0.127962
436 4.27516 0.0842899
437 3.90685 0.100447
438 6.01982 0.0427244
439 5.5981 0.0494141
440 5.64334 0.048625
441 4.54888 0.0746194
442 5.76169 0.0466469
443 5.12427 0.0589448
444 4.00764 0.0956074
445 4.29818 0.0834082
446 4.70916 0.0696919
447 4.46942 0.0772528
448 6.6193 0.0353036
449 5.3541 0.054013
450 4.92749 0.0637118
451 4.46988 0.077237
452 4.76274 0.0681505
453 3.05827 0.15975
454 4.7518 0.0684611
455 5.49179 0.051344
456 4.95834 0.0629278
457 5.73105 0.0471475
458 3.90572 0.100503
459 2.49587 0.229933
460 6.92266 0.0322567
461 3.3863 0.132056
462 4.38844 0.0800781
463 5.30523 0.0550094
464 5.49347 0.0513125
465 4.10191 0.0913808
466 2.9329 0.172513
467 4.31733 0.082685
468 5.53688 0.0505121
469 2.38839 0.247965
470 5.29128 0.0552989
471 4.82861 0.0663231
472 4.95303 0.0630617
473 5.10178 0.0594626
474 5.33823 0.0543335
475 4.70669 0.0697642
476 4.94049 0.0633796
477 2.19873 0.284659
478 6.71056 0.0343436
479 5.54585 0.050349
480 4.7328 0.0690057
481 4.75583 0.0683466
482 5.93018 0.0440293
483 3.61794 0.116449
484 5.39057 0.0532865
485 6.53824 0.03619
486 4.60129 0.0729536
487 4.33734 0.0819391
488 4.7503 0.0685039
489 2.5556 0.220671
490 5.74108 0.0469827
491 3.47398 0.125816
492 2.60388 0.213551
493 5.67064 0.0481579
494 5.19031 0.0574621
495 5.33987 0.0543002
496 5.52737 0.050686
497 6.46821 0.0369827
498 5.3214 0.0546767
499 4.2759 0.0842611
